[458755, 532493, 
554328, 88970, 327701, 
434204, 558114, 213033, 466986, 319534, 
32817, 475191, 363188, 
417632, 81988, 516173, 
122962, 442456, 213086, 442463, 
311394, 368752, 474039, 401250, 32901, 91500, 
270474, 90284, 188592, 229553, 213171, 336053, 
549055, 114884, 65736, 344268, 532690, 16598, 
73946, 426203, 229601, 295138, 401446, 
319721, 458992, 417911, 57597, 106757, 213255, 418062, 
147729, 377113, 205105, 278848, 352582, 
123213, 180560, 336209, 474095, 483667, 8532, 
270677, 491867, 393569, 515025, 549220, 121673, 131444, 
541055, 146155, 398742, 303499, 369037, 459153, 345356, 
377239, 376900, 156071, 352684, 520264, 463199, 507975, 459195, 13729, 18837, 303566, 151629, 
508370, 442836, 229849, 94944, 121497, 25057, 336356, 472623, 8690, 473406, 352760, 
360960, 25096, 451084, 549390, 180751, 76547, 213547, 492077, 32861, 254516, 295478, 
467511, 92939, 172617, 492110, 451155, 107094, 123480, 538364, 287347, 565877, 311928, 
8844, 328337, 404249, 369310, 483999, 246436, 369323, 246454, 237071, 361147, 292446, 402118, 99024, 409198, 262895, 123633, 336628, 492284, 500478, 82688, 90891, 271116, 114049, 785, 303893, 295713, 369442, 136915, 25386, 426795, 439773, 455301, 25393, 25394, 180101, 508730, 492362, 25424, 500565, 154425, 410456, 557916, 369503, 407002, 525155, 33638, 872, 99182, 885, 17899, 431545, 459662, 172946, 325483, 252219, 328601, 353180, 281414, 222118, 99242, 202228, 517056, 476119, 25560, 394206, 33759, 50145, 1000, 320490, 358195, 484351, 25603, 41990, 581357, 435208, 164883, 361506, 189475, 278705, 549930, 383838, 574520, 509451, 427077, 196141, 541773, 361551, 476258, 42102, 50326, 115870, 337055, 482319, 312489, 58539, 214192, 148662, 246968, 115898, 513567, 228214, 206025, 50380, 66771, 279774, 312552, 1268, 514586, 427256, 476415, 378116, 9483, 501005, 91406, 1296, 345361, 304404, 296222, 114907, 497599, 181542, 451879, 345385, 386352, 236426, 394559, 171788, 66886, 58705, 402774, 34139, 140640, 476514, 116068, 91495, 468332, 548339, 467176, 9590, 492937, 492968, 394677, 132544, 50638, 431693, 99810, 132587, 17905, 554579, 136715, 329219, 261036, 214539, 144984, 468501, 334767, 180487, 181816, 504074, 563349, 443969, 230983, 401862, 160012, 419408, 230993, 378454, 120420, 370270, 132703, 468577, 476770, 329323, 67180, 31817, 484978, 575081, 50811, 271997, 566923, 165518, 378515, 468632, 456303, 261061, 9891, 59044, 147740, 157365, 140987, 190140, 321214, 370375, 296649, 313034, 575187, 231125, 433103, 173799, 444142, 329456, 206579, 74256, 359833, 534270, 182021, 263969, 321333, 370486, 550714, 386879, 132931, 288584, 60347, 530061, 482275, 198489, 75612, 386912, 190307, 258388, 198510, 420840, 149375, 493442, 182155, 100238, 157601, 231339, 395180, 239537, 18380, 7977, 108495, 485027, 223188, 349860, 468954, 33104, 468965, 370677, 206838, 112298, 489764, 262487, 362520, 559160, 149568, 26690, 507473, 157767, 353051, 215114, 469067, 231508, 244750, 18519, 288862, 239717, 477288, 132796, 411754, 313454, 490515, 346232, 154644, 395388, 214720, 400794, 140556, 507223, 231580, 305309, 190637, 272566, 434548, 171382, 125129, 280779, 80273, 461009, 313562, 215259, 362716, 212573, 133343, 420069, 296657, 157928, 559348, 321790, 92416, 273132, 22371, 116439, 166165, 411938, 174371, 190756, 493864, 302990, 133418, 551215, 411953, 229216, 576566, 493905, 182611, 280918, 264535, 567640, 100723, 510329, 35197, 338304, 199055, 67310, 51610, 428454, 530162, 240049, 559543, 420281, 559547, 567740, 133567, 379332, 231879, 281032, 289229, 10707, 485844, 248284, 2532, 491366, 465179, 477689, 68093, 51712, 64462, 156076, 84492, 551439, 125472, 199771, 173830, 453166, 27186, 109118, 199236, 346703, 297562, 18193, 297578, 494188, 105264, 278973, 322163, 240250, 2685, 289417, 199310, 33221, 343524, 117425, 527029, 84674, 60102, 412362, 388215, 101068, 223955, 223959, 486112, 402720, 425361, 117492, 40757, 109313, 264968, 199442, 456496, 378673, 43816, 11051, 273198, 191288, 68409, 248616, 314177, 371529, 273232, 133969, 346968, 131556, 371552, 35682, 256868, 363666, 166768, 551794, 400815, 551804, 574823, 568195, 551820, 150417, 568213, 396200, 248752, 461751, 355257, 158660, 19402, 437205, 117719, 338905, 306139, 535523, 19432, 286523, 125936, 437239, 520707, 68628, 371749, 9378, 519208, 314264, 459272, 420916, 474293, 330818, 527427, 453708, 93261, 224337, 3156, 281687, 183391, 511076, 437351, 481567, 232563, 446651, 347254, 440171, 187585, 175251, 281754, 167067, 281759, 44195, 322724, 85157, 22935, 421060, 462031, 270883, 478420, 98853, 216296, 232684, 232692, 44279, 93437, 297353, 568584, 126226, 328238, 374369, 126137, 499031, 481573, 460683, 404805, 281929, 19786, 85329, 445792, 308631, 396518, 404839, 270908, 52591, 290163, 183675, 471756, 158956, 445834, 60823, 183709, 119365, 183716, 11699, 282037, 239347, 404922, 404923, 216516, 257478, 455937, 19924, 151000, 509403, 60899, 480936, 568814, 357737, 60932, 215072, 519688, 306700, 212226, 403565, 33368, 93717, 462371, 565853, 49759, 167486, 396863, 303713, 153529, 257624, 364126, 92091, 69224, 557672, 429690, 142971, 345466, 494869, 274066, 568981, 399205, 350148, 39951, 9400, 544444, 323263, 429761, 413395, 223182, 375493, 22479, 200421, 69356, 470773, 470779, 351530, 4765, 405249, 52996, 544519, 85772, 560911, 233238, 323355, 380706, 388903, 274219, 427997, 25228, 44877, 473869, 3934, 372577, 257896, 20333, 286553, 339823, 413552, 119445, 466602, 470924, 479126, 356248, 27972, 470952, 569976, 245311, 193181, 161781, 503755, 254368, 102356, 71877, 32081, 61418, 274411, 380913, 397303, 314709, 241668, 127660, 102411, 45070, 257370, 438304, 468505, 4134, 397351, 397354, 389812, 260106, 183648, 561223, 36936, 66231, 356428, 561256, 151657, 376307, 495732, 94326, 225405, 118921, 356505, 192670, 404678, 266409, 356531, 192699, 449909, 143556, 217285, 203639, 143572, 323799, 479953, 201426, 545007, 322944, 151820, 107226, 127263, 7511, 527750, 127270, 430377, 4395, 18150, 61747, 323895, 238013, 199551, 463174, 577864, 545100, 414034, 78170, 12639, 201072, 53626, 12670, 443844, 328430, 94614, 110999, 153669, 127394, 102820, 381360, 135604, 545219, 192964, 100428, 12748, 224675, 164602, 569825, 350405, 340451, 563281, 258541, 455157, 438774, 32887, 20992, 29187, 319184, 61960, 266768, 443426, 365095, 127530, 356094, 152120, 373315, 78404, 197388, 438862, 343803, 438876, 576955, 111207, 454067, 447088, 485480, 2153, 341681, 209530, 438907, 520832, 144003, 361238, 373382, 247917, 184978, 152214, 94871, 484893, 142790, 51314, 473118, 273760, 170099, 388056, 537270, 553669, 381639, 398028, 447187, 498807, 291551, 529122, 488166, 297084, 411774, 529148, 275198, 463618, 553731, 512776, 504589, 422670, 480021, 310862, 291619, 419974, 561958, 160556, 553776, 81594, 545594, 488251, 553788, 482800, 257865, 512836, 417249, 463690, 471893, 209753, 258911, 436617, 536038, 299887, 430961, 13177, 190841, 283520, 208363, 227478, 5001, 130586, 13201, 62355, 54164, 193429, 193348, 398237, 292236, 267169, 185250, 213830, 177065, 201646, 239773, 95155, 422836, 267191, 578489, 463802, 496571, 238410, 275392, 5060, 308165, 455624, 144333, 515579, 422886, 447465, 447314, 578545, 316404, 411817, 356424, 111609, 78843, 281409, 96427, 324614, 168974, 554002, 234526, 22705, 521259, 332845, 463918, 209757, 562229, 382009, 450559, 537827, 5193, 365642, 356427, 226147, 458255, 160864, 21604, 119911, 308328, 152686, 234607, 130579, 185472, 117744, 283785, 382111, 308394, 570539, 46252, 382125, 357978, 79031, 292024, 119995, 177357, 193743, 423123, 325838, 496854, 464089, 488673, 439522, 62692, 439525, 578792, 13546, 224807, 292082, 300276, 133244, 410496, 242946, 488710, 161032, 202001, 455555, 374052, 265777, 103723, 177489, 300341, 365886, 308545, 38210, 322610, 62808, 13659, 529762, 345252, 449579, 21879, 54654, 537991, 409211, 169356, 21903, 5529, 349594, 390555, 46497, 546219, 354547, 87476, 357816, 313588, 185950, 512929, 243148, 537506, 210388, 406997, 128476, 341469, 291791, 491090, 513524, 576031, 579070, 357888, 243204, 86956, 259597, 532058, 121031, 185890, 69213, 276018, 168883, 434459, 398905, 63047, 423506, 276055, 100624, 202339, 84241, 292456, 259690, 205324, 128654, 54931, 324258, 563267, 390826, 546475, 128699, 497344, 456559, 517069, 289059, 347174, 173008, 325347, 521956, 365521, 431848, 235241, 579307, 128748, 390902, 448256, 448263, 162092, 394199, 38678, 46872, 284445, 6471, 30504, 350002, 474021, 153229, 350019, 341828, 383842, 156643, 383289, 538458, 280891, 210789, 448365, 218997, 440184, 489339, 571264, 13291, 58350, 546717, 38829, 333745, 464824, 505789, 433980, 341973, 456662, 533493, 210915, 391140, 104424, 415727, 145597, 317433, 143961, 391375, 440336, 284698, 137246, 534041, 172877, 559956, 579655, 280930, 137294, 186449, 161875, 161879, 450075, 284764, 407646, 559842, 79969, 36539, 14226, 399462, 14439, 481386, 30828, 481390, 342128, 366711, 391290, 358525, 473219, 415882, 489611, 389197, 473237, 80022, 194716, 197658, 546976, 227491, 260261, 31093, 153797, 374982, 571598, 145620, 424162, 55528, 465129, 96493, 474854, 162035, 398377, 145665, 235784, 398203, 563470, 243989, 80153, 358923, 481582, 453001, 304180, 284991, 506178, 571718, 293200, 578871, 331799, 342367, 325991, 416104, 498032, 489842, 457078, 285047, 342397, 530820, 252294, 562243, 309655, 88485, 424349, 514508, 129492, 63965, 242724, 47585, 334309, 326128, 31217, 70739, 367095, 301563, 279278, 474028, 547336, 454404, 235836, 277020, 391722, 317999, 39480, 334399, 31296, 394940, 259640, 424521, 334417, 37988, 481413, 424551, 570471, 162415, 87144, 6771, 170613, 47740, 203389, 39551, 236166, 522889, 55950, 334483, 293625, 301718, 489924, 235778, 563882, 400044, 187055, 142620, 318138, 377486, 416451, 309964, 117197, 368212, 117525, 162732, 406129, 380711, 514797, 6894, 121591, 80340, 432898, 350679, 320642, 244496, 80659, 162581, 284743, 252701, 80671, 449312, 6954, 301867, 269121, 506707, 268378, 457559, 252776, 187243, 203629, 73533, 211825, 146667, 138115, 31620, 161925, 150265, 121744, 427160, 129945, 465822, 293794, 7088, 146358, 342971, 88345, 573258, 179141, 441286, 399764, 170955, 397133, 566436, 223738, 474078, 556000, 15335, 39914, 512657, 161861, 89078, 261116, 97278, 184611, 269316, 102805, 554156, 64523, 547854, 579902, 302107, 56350, 139099, 80932, 506933, 498747, 193717, 10764, 163682, 320696, 203864, 553990, 154718, 40036, 7281, 158227, 359540, 113720, 408696, 556158, 182805, 423104, 482436, 384136, 203931, 457884, 406417, 556193, 110449, 343218, 400573, 122046, 261318, 367818, 572620, 466125, 64718, 89296, 146457, 16249, 253819, 474344, 15597, 441586, 195842, 240023, 343937, 425226, 48396, 170191, 376093, 245026, 163117, 163118, 376112, 458045, 564091, 47801, 194471, 187734, 23899, 64868, 9448, 45550, 177015, 548246, 204186, 343453, 261535, 327592, 48564, 121417, 163257, 179642, 442161, 533816, 73153, 302536, 294350, 384468, 166478, 227482, 335328, 248400, 572900, 286182, 156924, 323496, 491008, 376322, 23126, 343561, 363875, 271402, 72281, 210299, 40083, 73702, 130599, 89648, 479155, 499622, 237118, 170474, 245320, 32334, 351823, 250127, 566282, 394510, 187990, 580197, 464144, 261732, 451714, 267537, 212166, 491130, 319100, 6763, 97924, 7816, 554266, 368294, 24243, 523957, 179898, 326970, 97988, 581317, 245448, 360137, 311002, 367228, 163562, 171757, 515828, 412286, 229111, 433915, 253695, 261888, 471087, 130826, 147415, 510095, 302882, 384808, 253742, 122672, 416343, 540466, 163640, 327605, 397279, 345397, 182923, 210230, 65350, 465549, 8021, 401244, 450399, 250137, 54592, 409475, 54593, 188296, 253835, 515982, 179487, 374083, 233771, 262048, 163746, 21167, 180135, 218439, 548780, 327601, 432085, 389109, 327617, 442306, 209222, 516038, 491464, 226408, 189775, 271471, 329041, 24567, 445999, 179112]